1:
    x = -0.7653125224943756
    y = 0.09891757563200261